//1
,8613726426758,8602155001311,8613001006051,8613517383181,86059183749663,86683,8613605608803,8613039187052,8615237063624,8618873673228,8613289950291,8613786655131,8618386376959,8615519907404,8602868369226,8602868369223,8618173316467,8610695,8618205996891,8615025844492,8615186108785,8615822154179,86+85251044948,8617839519802,8615737503766"
//2
,8613620223463,861795115915051367,8613926456194,8613761919539,86021-13636377571,8631653028,8602131653028,8618963883324,8615922200842,8615238110445,8618365237007,8613830895107,8615293594471,8668234566,860411-66001347,8615057678325,861065902124365,8613004155401,86073183080930,8602195093015,8602137066546,8602180284846,860512-89175290,8615902816551,8615983530562
//3
",86057983904520,8613522067931,8613983030520,8602122837475,86075589810086,8602135895809,86+88829848863,86+45056721406,8601052955399,8601053955299,8602196833837,8618623233296,8618110272789,86021-60590632,86021-60590570,8602196833106616,86021-66194025,8602151352460,8602589623442,8603195254718,8613321980752,8602166194577,86051262535490,8658709861,8613352993795"
//4
",8613217802840,8613037929001,8615868275289,8613587019979,8618367495229,8613968826957,8615929417955,8602062100786,8602081454851,8613399662512,8618858537540,8613389143760,8615285888090,8615085880325,8618647113735,8615917637091,8618501024470,8669148,8665944,8664424,8613557489598,8615010107790,8602081540327,8602868651455,8618982104822"
//5
",8615330465138,8615589838777,8615986017774,86073122710915,8613471523370,86076028149859,86073183089725,86076028149860,860018233734096,8615891375775,8613256850357,8613366114440,860512-88998953,8618301035993,86075536986334,8601058345752,86057110010,86073183093635,86021968335320,8602160651294,8605923303407,86051262535460,86055166031455,8602196833954,86051587014221"
//6
",8602196833132,86055164916935,86037960186579,8602758904321,8618847129344,8618847129433,8615389641139,8615075506672,860571 5628 4106,8615810169075,8613278876139,8615293885316,8618665491889,8615258131653,8618786082830,8613909302820,8617199810118,8617130624367,8617130624405,86075533025059,8618841912648,8613612644707,8603936226000,869506574,8652805276"
//7
",8601052805276,8613145395750,8615562195158,8615974438637,8615157228064,8618691091257,8613955069767,86+19093767985,86076028184595,86076028184593,86+17167749485,86076028184596,86+13103494016,86076028184597,8613855171909,8618982963422,8615934600809,8615887379636,866707 93,86045187734112,8613866372415,8613177988809,8615626122443,8613899267603,8618867720943"
//8
",8602260125746,8618989032000,8602260400530,8602868073095,8602868073093,8615985988690,8618201207414,8618085068909,8613566939362,8615829163856,8615829170773,8615085679255,86159 0159 9550,8618656766789,8601056543724,8618804570665,8637221735,8615899763768,8613229214779,8602155001207,86022114,8613845758839,8613180754675,8618132087125,8618032450352"
//9
",8613398617950,8607103727013,8602089301886,8613096464695,8602867691287,8615603675181,86106589996400,8602151964812,86085253406225,8602180318918,8618685856739,8617189485123,86079187602419,8618252286789,8615144864221,8613703301618,861524867723,8613909987091,8602086118543,8615527574679,8613606699140,8615852174327,8618545840701,8613754988502,8615889786676"
//10
",86079182195112,8618331227911,8618931275205,8613373326856,8602085704564,8602061124231,8613776176073,8613559088368,86155 2818 1072,8615011403855,8613225028943,8615757825339,8618850006877,86051262973895,8618662290309,8618862169287,86051262974600,8613129709868,86131 4203 9597,8615537322231,8615991293055,8669055,8615208539968,8602137066542,8618996342821"
//11
",8613691248026,8615972778220,8613120989272,8602137066549,8602260400698,86021-968335226,8602131021572,8602083250871,8617198683357,8618017095837,8618799169831,8613627212052,8602037184322,8602462738900,8602151398734,8618671500677,8613971197056,8615872000307,8618606208859,86683210,8615600858088,86052380642030,864000689153,8615275777657,8602029812172"
//12
",8615905376220,86150 6981 6179,8602867739419,8602867739401,8602868865050,8602862979515,869696940017,8602196833214,8618581739896,8613990877137,8618326601817,86667540,8615158670276,8613825369489,8615887701120,86182 7766 2455,86184 5584 7512,8615185751162,8618046621959,8615514561327,8615290438395,86057156001181,8615666839799,86057982128119,8615295792805"
//13
",8613526794202,8618368820868,8615957761889,8618362185197,8618834913970,8615732811005,862315868,8615041763462,8615087769425,8613191031666,8613908685943,8615399558826,8615208810116,8615285836227,8613504250115,860299659657776,8613790707891,8613387367308,8613364110137,8615912888406,8613276067884,8613816419254,8618018615581,8602081978831,8615283543053"
//14
",8613088332075,8618808937839,8613272082622,8613237411770,8618680024206,8618111313669,8615616754453,86059186294720,86073189554343,8613769202853,8613988574965,86085188572026,86085188572131,8615710402017,8615710400381,8614792988888,8602122837339,8613149649678,8607722477822,8607722477897,8607722477458,8618078495371,8618016048462,8634230798,86075037180502388564597"
//15
",8613768113644,86075037180502388213667,8613024379655,86071607164081981,86075536385790,8618019064420,861369,86+8613776787634,8615289669273,860551-64922158,8613366754023,8601053502058,8602155001385,8602868957396,86021968335309,8613121840449,86+8615537930288,8615537930288,8618724299786,8613120605052,8602161479737,8615068263070,8615134679818,8615057591620,8618268867467"
//16
",8618055802257,8618261372129,8602120703553,8615061133944,8615168763952,8615298949632,8615824013005,8660660482,8660660481,8617820343553,8618246436546,8613897623783,8615815848361,8615807358209,8615869652858,8613679573222,8615932776861,8602863157790,8617131516799,8618365846161,8613128690989,8613432845986,8617131518483,86073188444539,86727725"
//17
",8618257689969,8602161979584,8617786732939,8613348854839,8605333151719,8615189031383,8615575147965,8613327887479,86076028129531,8615087617682,86664089,8615064674089,8615241122397,8615535294722,86+8613729006426,8618219357915,8613602096628,86021-51342861,8602066301532,8602061005144,86010-59099235,86075783301469,860796552365,86076938939250,8615203646599"
//18
",8613576361573,8613435736968,8618290054609,8615378802686,8618316533182,8602260400765,86051480907021,8605589506520,860595028399494,8615806584888,8618817112218,8618817112209,8618817112249,8615001453010,8613250795234,8615515836565,8615262583761,8613788295826,8613635990382,8615879467785,8613987802499,8615391308666,8613046205253,861628594417,8602166194100"
//19
",8602151352470,8602155001497,860311-15511310419,8618397195186,8615699139789,86037962763025,8613487023121,8615569075902,8613561722426,86134,861588429727,8601053777893,8601056302054,8618396908075,86159 2628 8453,8613038875110,8618308318637,8618268283228,8618772218969,8615171387776,8615223618222,8618604492138,8613408013076,8621371954,863166073"
//20
",8602066374808,8615908971840,8613963909084,8602751005586,8615862282991,8615698365678,8607725361073,8613891180532,8613084936265,8602260400723,8613102936776,860551-66014706,8613139576901,8618673497652,8618744445963,8602869927815,8618828020881,86+8613504936238,8613648942899,8613120879487,860551-82323010,8601080744100,86870631123225,8602759420861,864000161212"
//21
",8618828020881,868613504936238,8613648942899,8613120879487,86055182323010,8601080744100,86870631123225,8602759420861,864000161212,8615186721728,8618840571437,8615075308350,8618996927155,866927155,8605925149374,8613480923391,8613998827236,8602062876618,8615831899330,86076028186432,860387449095,86076923292261,86+85264365130,8618257567096"
//22
",8613671051436,8613815367919,8618313386435,8613427524807,8615183656900,8669207,8615384983582,8618023709218,8685251219577,860085251219577,8613424511074,8618342706108,86076028126649,86076086919954,8601058144052,8601058143965,8601058144324,8602180350100,8618292555055,8613595296459,8618029348605,8617074040204,86085253045935,8615607869592,86672886"
//23
",8618923291261,8615829610739,8613809226645,8618923281176,8618019414103,86075585510086,8618916019236,86031180967537,8618629105117,8615592029818,86022-60400751,8618617011592,8618681443851,8618617154525,8601057829274,8613730674850,8613427023342,86865959506580,8613020621237,8613164723662,8603711667,8615809554440,864000593190,8613285288202,8613023225042"
//24
",8613389146370,8615829140773,8615019641218,8610677,86051262535373,860085254678067,8688041141,8613695168705,8618376030695,8613725020847,8618691094392,8638994002,8615852494524,8602151853703,8602196833233,8613840596457,8618217795150,8605923308575,8613115187845,8610658313,8613047252693,8601056572517,860696341994,8601061963735,861212"
//25
",8615994446368,86+8615803876686,8613777529610,86669675,8613637154944,8613319421809,8615599881573,867076620,860085255741541,8618487514180,8615879138571,8613518804940,8618813221653,8602260400796,8618741833620,8602081143488,8613958676209,8617088012897,8615153438010,8615165967193,8613799799195,8613361812393,8615209186590,8613694257125,8613737988715"
//26
",8615891266058,8615709224255,8618607850688,8613239355006,8688144087329,86075536359858,8615962568427,8618554639573,8602160463614,8603195254708,8613434047962,8618501575309,8602260400786,8615284576268,8618068796942,8602087571813,8613364876083,868126746781,8613438975062,8613897731885,8618194082853,8601056599686,8615081974415,86075707579506555,8601053855414"
//27
",8617660907245,8618357682120,8613036748079,8613870742801,860#204649315,8613680768578,8613866538852,8613871791297,8695013702880509,8613150222849,861259313150222849,8617775935305,8618620360271,8618862931965,8615001176716,8613874142109,8618503941177,8613529552586,8615685958866,8613609510263,8613432597019,8613418434909,8613246821670,8615022232020,8618602289448"
//28
",8613419261460,8613311924403,8618318280861,8615980110062,8618770705091,8613974900338,8613788917234,8615901640801,8615926383787,8615958263697,8613242425306,8615820358997,8601058351752,8601058351622,8615298977371,8602138510181,8618190226994,8618318604650,86051380796396,8602260400656,8601058940130,8602260400780,8615703837107,8613545172778,8613611364441"
//29
",8618288210092,8615625055314,8613944097161,8613159558402,8615829238896,8615665341475,8613915634539,864001001342,8615049113821,8615674071004,8618835713350,8618659589834,8613882797043,8618547008020,8618650699255,8613606982622,8618743466861,8613869230188,8618678381785,8613437132415,8602151854549,8615859892228,8613662913563,8615325526466"
//30
",8615184700052,8613835720971,8615608908515,8615565768528,8615908744306,8613655926459,8613830257232,8615077002759,8618177698124,8618256406579,8614779742205,8613166945771,8618650569386,8613732013427,8618070426118,8615615308369,8613999242839,8615912138463,8615167829856,8613418070927,8613899350546,8615659213653,8618315623694,8613618508393,8603125953027"
//31
",863343672320,8605438153024,8615516037846,8601059225011,8601056973982,8602066300581,8615768783511,8613117313010,8613558243104,8618852338426,8613925518138,8618317275231,8686177778,8602260400656,8618299739374,8613949966451,8618388529224,8615219759327,8613724206981,8681318831,8615878202120,8613706001019,8618049716834,8617724114102,8613250756054"
//32
",8602161847126,8613122544281,8613429659930,8605923274073,8618534441312,8615203447416,8618259845273,86182598845273,8618064193722,8615057461314,8613717685547,8602196833981,8618922110376,8613877695074,8601777673174,8618285989180,8615912887582,8613830130232,8613925770655,8613405306673,8615909892333,8613410842887,8613100850209,8613034183281,863113602910"
//33
",8615016816939,8613769357998,8617068909536,8617797768750,8615537189956,8618775005670,8613595809620,8613268310553,8618212140963,8613537623555,86075583688534,8615250736429,8613154013919,8618616507052,8615886290555,8613171478877,86620110,8618789195575,8618796632123,8613976675302,8615902392784,8615190740416,8615234598206,8668385853,8615906525428"
//34
",86075532833912,8613268048654,8615200875756,8615200575756,8615842470720,8613851213968,8618767617996,8615067521033,8602868365359,8602868365358,8613878285390,8615278474872,8615083367218,8615116014118,8683011442,86099583011442,8683011441,8613845397971,8613838849158,8613961359168,8615899888225,8613040459552,8613876346933,8603111161665,86031180812025"
//35
",8618872849961,8615252667176,8615982052712,8685128734,86010-52430767,8613054040210,861305404020,860714252072,8613766257594,8601056118008,8602120565347,86rxdd528045,8615892232063,8615702451555,8613058173761,86057181021164,8613779609383,86057187171627,86057187818952,86057156000220,86057156500721,8615567339560,8607716745923,86051280710734,8618017478476"
//36
",86037960139283,8613576975262,860954,8613509318812,8615853789703,86051885040186,8602081454839,8618935888834,8618678720078,8615562272128,8618611209723,8613834760277,8605923303897,8615154080874,8618749849873,8601056304512,8614787587401,8618388896018,861343447962,8602180171333,8615170157068,86089831090688,8607716736465,8613616012147,8613595970055"
//37
",8613933637659,8618228026689,8613987592245,8661820887,8618000526274,8615045562246,8615281971538,8613818411041,8615098099994,8615275896469,8615896821332,8617707120542,8613319422615,8601056871566,8613731876968,861069406745,8615760964013,8615956345182,8618454482456,8615614358233,8607586910423,8613944383126,8613037564718,8615327225360,8606337900080"
//38
",8618681573303,8613817246589,86073128340127,86059188200879,8613998067886,8613277828509,86059522588343,8618760259539,8615076471585,8615698582393,8615956899985,8613852753165,864721233367283,8602161714083,8615152383589,8613196962341,8615591003862,8615947296377,8601056889746,8618918154550,8618389515221,8613066895975,86075729395019,8617058523286,8602061829512"
//39
",8613082685949,86666122,86053182380050,8613382074591,8602552824855,8613675166283,8613626106689,8613180779601,8618771589172,8601056404401,8618725871363,8615376960497,8618723748591,8618734561815,8618869430568,8615293968088,8615034042244,8615575476731,8615575420391,8618664117206,8615527262025,8613691929382,8613338175274,8615737562331,8615947846626"
//40
",8617082150074,8617031172122,8617031172100,8617031170300,86073188040175,86073188041144,86073188041147,86055163725331,8618888833474,8615715577329,8615252173604,8605926892974,8605972538804,8605925222463,86059585944732,8615358388689,8613912061779,8615803777456,8618638973519,8618323932872,8615118168183,8607579506555,8613587823776,8613027970207,8602759416215"
